0.000178571
0.000178571
0.000188571
0.000198571
0.000218571
0.000238571
0.000238571
0.000258571
0.000268571
0.000278571
0.000298571
0.000298571
0.000318571
0.000318571
0.000338571
0.000338571
0.000338571
0.000338571
0.000348571
0.000348571
0.000358571
0.000358571
0.000358571
0.000368571
0.000378571
0.000378571
0.000378571
0.000388571
0.000388571
0.000398571
0.000398571
0.000398571
0.000408571
0.000398571
0.000398571
0.000408571
0.000408571
0.000408571
0.000378571
0.000368571
0.000358571
0.000358571
0.000348571
0.000348571
0.000358571
0.000368571
0.000378571
0.000388571
0.000398571
0.000408571
0.000418571
0.000418571
0.000428571
0.000438571
0.000448571
0.000458571
0.000338571
0.000338571
0.000338571
0.000308571
0.000248571
0.000238571
0.000258571
0.000258571
0.000258571
0.000258571
0.000278571
0.000278571
0.000278571
0.000278571
0.000278571
0.000278571
0.000278571
0.000278571
0.000278571
0.000298571
0.000298571
0.000318571
0.000318571
0.000338571
0.000338571
0.000358571
0.000358571
0.000318571
0.000338571
0.000338571
0.000348571
0.000358571
0.000368571
0.000378571
0.000378571
0.000398571
0.000408571
0.000418571
0.000428571
0.000438571
0.000448571
0.000458571
0.000478571
0.000508571
0.000538571
0.000558571
0.000568571
0.000568571
0.000558571
0.000578571
0.000608571
0.000638571
0.000678571
0.000398571
0.000408571
0.000418571
0.000428571
0.000448571
0.000418571
0.000438571
0.000458571
0.000478571
0.000498571
0.000508571
0.000508571
0.000518571
0.000538571
0.000408571
0.000308571
0.000348571
0.000358571
0.000248571
0.000258571
0.000258571
0.000258571
0.000258571
0.000258571
0.000258571
0.000258571
0.000258571
0.000258571
0.000258571
0.000258571
0.000258571
0.000268571
0.000278571
0.000278571
0.000288571
0.000298571
0.000298571
0.000318571
0.000318571
0.000318571
0.000318571
0.000178571
0.000178571
0.000178571
0.000178571
0.000178571
0.000178571
0.000178571
0.000178571
0.000178571
0.000178571
0.000188571
0.000198571
0.000198571
0.000198571
0.000218571
0.000218571
0.000178571
0.000198571
0.000218571
0.000238571
0.000258571
0.000268571
0.000278571
0.000288571
0.000298571
0.000298571
0.000308571
0.000318571
0.000318571
0.000328571
0.000318571
0.000318571
0.000338571
0.000338571
0.000358571
0.000358571
0.000368571
0.000378571
0.000378571
0.000398571
0.000408571
0.000398571
0.000408571
0.000418571
0.000318571
0.000328571
0.000338571
0.000348571
0.000348571
0.000358571
0.000348571
0.000178571
0.000178571
0.000178571
0.000178571
0.000198571
0.000198571
0.000198571
0.000198571
0.000208571
0.000218571
0.000218571
0.000218571
0.000198571
0.000198571
0.000198571
0.000178571
0.000178571
0.000178571
0.000178571
0.000178571
0
0
0
0
0
0
0
0
0
0
0
0
0
0
0
0
0
0
0
0
0
0
0
0
0
0
0
0
0
0
0
0
0
0
0
0
0
0
0
0
0
0
0
0
0
0
0
0
0
0
0
0
0
0
0
0
0
0
0
0
0
0
0
0
0
0
0
0
0
0
0
0
0
0
0
0
0
0
0
0
0
0

