0
77.623
129.71
181.797
233.883
285.97
323.398
350.21
381.065
411.92
442.775
473.629
505.491
538.36
571.229
600.414
618.931
628.614
642.597
662.368
681.78
701.192
716.432
742.911
776.119
800.645
825.171
846.403
864.342
882.281
906.85
938.049
969.249
899.633
916.399
933.165
946.953
954.373
841.482
766.028
724.776
713.295
655.646
650.412
686.174
721.937
757.699
793.461
829.224
864.986
885.716
897.092
925.543
953.993
982.443
1010.89
615.522
627.357
590.413
492.037
340.332
325.211
361.726
388.597
395.092
415.189
435.286
453.243
467.541
473.823
499.165
524.508
540.129
558.303
462.743
497.559
532.375
563.636
597.971
638.936
679.902
720.867
761.833
588.32
609.984
631.648
644.07
661.223
692.348
723.473
754.598
785.723
818.762
853.715
888.667
923.62
958.572
993.525
1028.48
1063.43
1098.38
1133.81
1160.65
1159.42
1129.1
1155.6
1182.09
1208.58
1235.07
813.85
840.531
874.747
914.948
955.149
871.18
904.246
937.312
970.378
1003.44
1023.44
1026.78
1040.37
1053.97
831.582
551.916
645.003
648.373
354.683
387.229
419.776
441.149
442.611
458.027
475.736
493.445
466.163
485.594
489.839
499.241
505.072
518.457
535.13
578.151
621.173
664.194
707.216
734.895
739.136
766.391
752.018
13.2654
39.7963
66.3272
88.8907
102.182
103.676
120.397
142.862
165.327
125.69
158.741
191.793
224.845
257.896
290.948
323.999
103.516
151.364
199.211
247.058
294.905
342.753
390.6
438.447
486.294
534.142
581.989
615.764
635.468
655.171
623.616
659.231
695.052
730.873
766.695
802.516
838.337
874.159
909.98
945.801
983.937
976.636
1002.48
1028.33
663.134
706.762
750.391
783.333
805.588
827.844
783.413
52.7719
88.9152
125.058
161.202
197.345
233.559
269.843
306.127
342.411
378.696
414.98
451.264
224.63
243.056
261.483
82.4784
144.356
178.297
177.314
115.978
0
0
0
0
0
0
0
0
0
0
0
0
0
0
0
0
0
0
0
0
0
0
0
0
0
0
0
0
0
0
0
0
0
0
0
0
0
0
0
0
0
0
0
0
0
0
0
0
0
0
0
0
0
0
0
0
0
0
0
0
0
0
0
0
0
0
0
0
0
0
0
0
0
0
0
0
0
0
0
0
0
0

