0.000288571
0.000288571
0.000308571
0.000348571
0.000368571
0.000408571
0.000428571
0.000448571
0.000478571
0.000508571
0.000528571
0.000548571
0.000578571
0.000598571
0.000618571
0.000628571
0.000638571
0.000648571
0.000648571
0.000658571
0.000668571
0.000688571
0.000698571
0.000708571
0.000728571
0.000748571
0.000758571
0.000778571
0.000788571
0.000798571
0.000818571
0.000848571
0.000878571
0.000808571
0.000838571
0.000858571
0.000868571
0.000878571
0.000768571
0.000728571
0.000708571
0.000698571
0.000658571
0.000658571
0.000688571
0.000718571
0.000758571
0.000798571
0.000838571
0.000878571
0.000898571
0.000908571
0.000948571
0.000998571
0.00103857
0.00110857
0.000638571
0.000648571
0.000628571
0.000568571
0.000438571
0.000428571
0.000438571
0.000448571
0.000458571
0.000468571
0.000488571
0.000488571
0.000488571
0.000488571
0.000488571
0.000508571
0.000508571
0.000508571
0.000488571
0.000528571
0.000548571
0.000568571
0.000588571
0.000628571
0.000658571
0.000698571
0.000748571
0.000588571
0.000618571
0.000648571
0.000658571
0.000668571
0.000698571
0.000718571
0.000738571
0.000768571
0.000798571
0.000828571
0.000868571
0.000908571
0.000948571
0.000988571
0.00107857
0.00123857
0.00132857
0.00132857
0.00132857
0.00132857
0.00132857
0.00132857
0.00132857
0.00132857
0.00132857
0.000788571
0.000818571
0.000848571
0.000898571
0.000968571
0.000858571
0.000918571
0.000988571
0.00107857
0.00117857
0.00127857
0.00128857
0.00132857
0.00132857
0.000808571
0.000568571
0.000658571
0.000658571
0.000428571
0.000448571
0.000448571
0.000458571
0.000458571
0.000468571
0.000468571
0.000478571
0.000468571
0.000468571
0.000468571
0.000478571
0.000478571
0.000488571
0.000498571
0.000528571
0.000548571
0.000568571
0.000608571
0.000628571
0.000638571
0.000658571
0.000648571
0.000288571
0.000288571
0.000308571
0.000308571
0.000308571
0.000308571
0.000308571
0.000308571
0.000308571
0.000308571
0.000328571
0.000328571
0.000348571
0.000368571
0.000388571
0.000408571
0.000308571
0.000328571
0.000368571
0.000408571
0.000448571
0.000488571
0.000508571
0.000528571
0.000548571
0.000568571
0.000578571
0.000598571
0.000618571
0.000638571
0.000598571
0.000608571
0.000648571
0.000678571
0.000708571
0.000738571
0.000768571
0.000798571
0.000818571
0.000858571
0.000918571
0.000908571
0.000948571
0.000988571
0.000618571
0.000638571
0.000668571
0.000698571
0.000718571
0.000738571
0.000698571
0.000288571
0.000308571
0.000308571
0.000318571
0.000328571
0.000328571
0.000348571
0.000358571
0.000368571
0.000388571
0.000408571
0.000428571
0.000328571
0.000338571
0.000348571
0.000288571
0.000288571
0.000288571
0.000288571
0.000288571
0
0
0
0
0
0
0
0
0
0
0
0
0
0
0
0
0
0
0
0
0
0
0
0
0
0
0
0
0
0
0
0
0
0
0
0
0
0
0
0
0
0
0
0
0
0
0
0
0
0
0
0
0
0
0
0
0
0
0
0
0
0
0
0
0
0
0
0
0
0
0
0
0
0
0
0
0
0
0
0
0
0

