0.000202333
0.000202333
0.000222333
0.000232333
0.000242333
0.000262333
0.000272333
0.000282333
0.000302333
0.000312333
0.000322333
0.000332333
0.000342333
0.000352333
0.000362333
0.000372333
0.000382333
0.000382333
0.000382333
0.000382333
0.000392333
0.000392333
0.000402333
0.000402333
0.000412333
0.000422333
0.000422333
0.000432333
0.000432333
0.000442333
0.000442333
0.000452333
0.000462333
0.000442333
0.000452333
0.000452333
0.000462333
0.000462333
0.000432333
0.000412333
0.000402333
0.000402333
0.000382333
0.000382333
0.000402333
0.000412333
0.000422333
0.000442333
0.000452333
0.000462333
0.000472333
0.000472333
0.000482333
0.000502333
0.000512333
0.000522333
0.000372333
0.000382333
0.000362333
0.000342333
0.000282333
0.000272333
0.000282333
0.000282333
0.000292333
0.000302333
0.000302333
0.000302333
0.000302333
0.000302333
0.000302333
0.000312333
0.000312333
0.000322333
0.000302333
0.000322333
0.000342333
0.000342333
0.000352333
0.000362333
0.000382333
0.000392333
0.000412333
0.000352333
0.000362333
0.000382333
0.000382333
0.000392333
0.000402333
0.000412333
0.000422333
0.000432333
0.000452333
0.000462333
0.000472333
0.000482333
0.000502333
0.000512333
0.000542333
0.000582333
0.000612333
0.000642333
0.000662333
0.000662333
0.000642333
0.000672333
0.000712333
0.000752333
0.000822333
0.000442333
0.000452333
0.000462333
0.000482333
0.000502333
0.000472333
0.000492333
0.000512333
0.000532333
0.000562333
0.000582333
0.000582333
0.000602333
0.000632333
0.000452333
0.000342333
0.000382333
0.000382333
0.000282333
0.000282333
0.000282333
0.000282333
0.000282333
0.000292333
0.000292333
0.000302333
0.000292333
0.000302333
0.000302333
0.000302333
0.000302333
0.000302333
0.000302333
0.000322333
0.000322333
0.000332333
0.000342333
0.000362333
0.000362333
0.000362333
0.000362333
0.000202333
0.000202333
0.000202333
0.000212333
0.000212333
0.000212333
0.000212333
0.000222333
0.000222333
0.000222333
0.000222333
0.000222333
0.000232333
0.000242333
0.000242333
0.000262333
0.000222333
0.000222333
0.000242333
0.000262333
0.000282333
0.000302333
0.000312333
0.000322333
0.000322333
0.000342333
0.000342333
0.000352333
0.000362333
0.000362333
0.000352333
0.000362333
0.000372333
0.000382333
0.000402333
0.000402333
0.000422333
0.000422333
0.000432333
0.000452333
0.000462333
0.000462333
0.000472333
0.000482333
0.000362333
0.000372333
0.000382333
0.000392333
0.000392333
0.000402333
0.000392333
0.000202333
0.000202333
0.000212333
0.000222333
0.000222333
0.000222333
0.000222333
0.000242333
0.000242333
0.000242333
0.000262333
0.000262333
0.000222333
0.000222333
0.000222333
0.000202333
0.000202333
0.000202333
0.000202333
0.000202333
0
0
0
0
0
0
0
0
0
0
0
0
0
0
0
0
0
0
0
0
0
0
0
0
0
0
0
0
0
0
0
0
0
0
0
0
0
0
0
0
0
0
0
0
0
0
0
0
0
0
0
0
0
0
0
0
0
0
0
0
0
0
0
0
0
0
0
0
0
0
0
0
0
0
0
0
0
0
0
0
0
0

