0.000288571
0.000308571
0.000328571
0.000348571
0.000358571
0.000408571
0.000428571
0.000428571
0.000448571
0.000458571
0.000448571
0.000518571
0.000588571
0.000648571
0.000698571
0.000768571
0.000828571
0.000898571
0.000968571
0.00105857
0.00117857
0.00131857
0.00132857
0.00132857
0.00132857
0.00132857
0.00132857
0.00132857
0.00132857
0.00132857
0.00132857
0.00132857
0.00132857
0.00132857
0.00132857
0.00132857
0.00132857
0.00132857
0.000648571
0.000718571
0.000788571
0.000878571
0.000958571
0.00106857
0.00121857
0.00132857
0.00132857
0.00132857
0.00132857
0.00132857
0.00132857
0.00132857
0.00132857
0.00132857
0.00132857
0.00132857
0.00132857
0.00132857
0.00132857
0.00132857
0.00132857
0.000358571
0.000378571
0.000398571
0.000428571
0.000448571
0.000458571
0.000488571
0.000508571
0.000428571
0.000458571
0.000498571
0.000538571
0.000588571
0.000628571
0.000668571
0.000738571
0.000818571
0.000938571
0.00107857
0.00121857
0.00132857
0.000658571
0.000718571
0.000778571
0.000848571
0.000948571
0.000528571
0.000558571
0.000598571
0.000308571
0.000328571
0.000348571
0.000368571
0.000378571
0.000408571
0.000428571
0.000458571
0.000488571
0.000508571
0.000548571
0.000588571
0.000648571
0.000708571
0.000798571
0.000928571
0.00110857
0.00132857
0.00132857
0.00132857
0.00132857
0.00132857
0.00132857
0.00132857
0.00132857
0.00132857
0.000508571
0.000528571
0.000548571
0.000608571
0.000678571
0.000778571
0.000888571
0.00103857
0.000598571
0.000638571
0.000688571
0.000768571
0.000828571
0.000288571
0.000308571
0.000328571
0.000328571
0.000348571
0.000348571
0.000358571
0.000368571
0.000368571
0.000388571
0.000408571
0.000418571
0.000448571
0.000468571
0.000368571
0.000388571
0.000398571
0.000298571
0.000328571
0.000348571
0.000368571
0.000398571
0.000408571
0.000438571
0.000458571
0.000488571
0.000528571
0.000548571
0.000588571
0.000628571
0.000678571
0.000728571
0.000818571
0.000928571
0.00101857
0.00112857
0.00126857
0.00132857
0.00132857
0.00132857
0.00132857
0.00132857
0.00132857
0.00132857
0.00132857
0.00132857
0.00132857
0.00132857
0.00132857
0.000548571
0.000368571
0.000428571
0.000448571
0.000668571
0.000688571
0.000728571
0.000778571
0.000878571
0.000928571
0.000998571
0.00111857
0.00121857
0.00132857
0.00112857
0.00130857
0.00132857
0.00132857
0.00132857
0.00102857
0.00123857
0.00132857
0.00132857
0.00132857
0.00132857
0.00132857
0.00132857
0.00132857
0.00132857
0.00132857
0.00132857
0.00132857
0.00132857
0.00132857
0.00132857
0.00132857
0.00132857
0.00132857
0.00132857
0.00132857
0.00132857
0.00132857
0.00132857
0.00132857
0.00132857
0.00132857
0.00132857
0.00132857
0.00132857
0.00132857
0.000968571
0.00110857
0.00122857
0.00132857
0.00132857
0.00132857
0.00132857
0.00132857
0.00132857
0.00132857
0.00132857
0.00132857
0.00132857
0.00132857
0.00132857
0.00132857
0.00132857
0.00132857
0.00132857
0.00132857
0.00132857
0.00132857
0.00132857
0.00132857
0.00132857
0.000298571
0.000328571
0.000368571
0.000398571
0.000428571
0.000448571
0.000488571
0.000528571
0.000558571
0.000588571
0.000628571
0.000658571
0.000718571
0.000768571
0.000848571
0.000908571
0.000968571
0.00101857
0.00107857
0.00115857
0.00126857
0.00132857
0.00132857
0.00132857
0.00132857
0.00132857
0.00132857
0.00132857
0.00132857
0.00132857
0.00132857
0.00132857
0.00132857
0.00132857
0.00132857
0.00132857
0.00132857
0.00132857
0.00132857
0.00132857
0.00132857
0.00132857
0.00132857
0.00132857
0.00132857
0.00132857
0.00132857
0.00132857
0.00132857
0.00132857
0.00132857
0.00132857
0.00132857
0.00132857
0.00132857
0.00124857
0.000898571
0.000698571
0.000648571
0.000548571
0.000388571
0.000408571
0.000428571
0.000448571
0.000478571
0.000528571
0.000618571
0.000718571
0.000828571
0.000938571
0.00111857
0.00131857
0.00132857
0.00132857
0.00132857
0.00132857
0.00132857
0.00132857
0.00132857
0.00132857
0.00132857
0.00132857
0.00132857
0.00132857
0.00132857
0.00132857
0.00132857
0.00132857
0.00132857
0.00132857
0.00132857
0.00132857
0.00132857
0.00132857
0.00132857
0.00132857
0.00132857
0.00132857
0.00132857
0.00132857
0.00132857
0.00132857
0.00132857
0.00132857
0.00132857
0.00132857
0.00132857
0.00132857
0.00132857
0.00132857
0.00132857
0.00132857
0.00132857
0.00132857
0.00132857
0.000388571
0.000288571
0.000308571
0.000328571
0.000348571
0.000378571
0.000408571
0.000428571
0.000468571
0.000508571
0.000508571
0.000568571
0.000618571
0.000698571
0.000788571
0.000868571
0.00102857
0.00115857
0.00122857
0.00129857
0.00132857
0.00132857
0.00132857
0.00132857
0.00132857
0.00132857
0.00132857
0.00132857
0.00132857
0.00132857
0.00132857
0.00132857
0.00132857
0.00132857
0.00132857
0.00132857
0.00132857
0.00132857
0.00132857
0.00132857
0.00132857
0.00132857
0.00132857
0.00132857
0.00132857
0.00132857
0.00132857
0.00132857
0.00132857
0.00132857
0.00132857
0.00132857
0.00132857
0.00132857
0.00132857
0.00132857
0.00132857
0.00132857
0.00132857
0.00132857
0.00132857
0.00132857
0.00132857
0.00132857
0.00132857
0.00132857
0.00132857
0.00132857
0.00132857
0.00132857
0.00132857
0.00132857
0.00132857
0.00132857
0.00132857
0.00132857
0.00132857
0.00132857
0.00132857
0.00132857
0.00132857
0.00132857
0.00132857
0.00132857
0.00132857
0.00132857
0.00132857
0.00132857
0.00132857
0.00132857
0.00132857
0.00132857
0.00132857
0.00132857
0.00132857
0.00132857
0.00132857
0.00132857
0.00132857
0.00132857
0.00132857
0.00132857
0.00132857
0.00132857
0.00132857
0.00132857
0.00132857
0.00132857
0.00132857
0.00132857
0.00132857
0.00132857
0.00132857
0.00132857
0.00132857
0.00132857
0.00132857
0.00132857
0.00132857
0.00132857
0.00132857
0.00132857
0.00132857
0.00132857
0.00132857
0.00132857
0.00132857
0.00132857
0.00132857
0.00132857
0.00114857
0.00121857
0.00132857
0
0
0
0
0
0
0
0
0
0
0
0
0
0
0
0
0
0
0
0
0
0
0
0
0
0
0
0
0
0
0
0
0
0
0
0
0
0
0
0
0
0
0
0
0
0
0
0
0
0
0
0
0
0
0
0
0
0
0
0
0
0
0
0
0
0
0
0
0
0
0
0
0
0
0
0
0
0
0
0
0
0
0
0
0
0
0
0
0
0
0
0
0
0
0
0
0
0
0
0
0
0
0
0
0
0
0
0
0
0
0
0
0
0
0
0
0
0
0
0
0
0
0
0
0
0
0
0
0
0
0

