0.000202333
0.000212333
0.000222333
0.000242333
0.000242333
0.000262333
0.000272333
0.000282333
0.000282333
0.000282333
0.000282333
0.000322333
0.000352333
0.000382333
0.000402333
0.000432333
0.000462333
0.000482333
0.000512333
0.000542333
0.000572333
0.000612333
0.000662333
0.000712333
0.000752333
0.000822333
0.000902333
0.00101233
0.00113233
0.00120233
0.00120233
0.00120233
0.00120233
0.00112233
0.00120233
0.00120233
0.00120233
0.00120233
0.000382333
0.000412333
0.000442333
0.000472333
0.000502333
0.000542333
0.000582333
0.000612333
0.000662333
0.000712333
0.000782333
0.000852333
0.000912333
0.00100233
0.00115233
0.00120233
0.00120233
0.00120233
0.00120233
0.00120233
0.00120233
0.00120233
0.00120233
0.000242333
0.000242333
0.000262333
0.000272333
0.000282333
0.000282333
0.000292333
0.000302333
0.000272333
0.000282333
0.000302333
0.000322333
0.000332333
0.000352333
0.000362333
0.000382333
0.000412333
0.000442333
0.000472333
0.000492333
0.000532333
0.000362333
0.000382333
0.000392333
0.000412333
0.000442333
0.000312333
0.000322333
0.000342333
0.000212333
0.000222333
0.000232333
0.000242333
0.000242333
0.000262333
0.000262333
0.000282333
0.000292333
0.000302333
0.000322333
0.000342333
0.000362333
0.000382333
0.000402333
0.000442333
0.000472333
0.000522333
0.000582333
0.000662333
0.000732333
0.000582333
0.000642333
0.000702333
0.000772333
0.000842333
0.000302333
0.000312333
0.000322333
0.000342333
0.000362333
0.000392333
0.000422333
0.000452333
0.000342333
0.000352333
0.000362333
0.000392333
0.000402333
0.000202333
0.000212333
0.000222333
0.000222333
0.000222333
0.000232333
0.000232333
0.000242333
0.000242333
0.000242333
0.000252333
0.000262333
0.000272333
0.000282333
0.000242333
0.000242333
0.000252333
0.000202333
0.000222333
0.000242333
0.000242333
0.000262333
0.000272333
0.000282333
0.000292333
0.000312333
0.000322333
0.000342333
0.000352333
0.000372333
0.000402333
0.000422333
0.000452333
0.000492333
0.000522333
0.000552333
0.000592333
0.000632333
0.000682333
0.000732333
0.000792333
0.000862333
0.000922333
0.00105233
0.00118233
0.00120233
0.00120233
0.00120233
0.00120233
0.000342333
0.000242333
0.000282333
0.000292333
0.000402333
0.000402333
0.000422333
0.000442333
0.000482333
0.000512333
0.000532333
0.000562333
0.000592333
0.000622333
0.000572333
0.000612333
0.000682333
0.000772333
0.000882333
0.000542333
0.000612333
0.000692333
0.000782333
0.000902333
0.00108233
0.00120233
0.00120233
0.00120233
0.00120233
0.00120233
0.00120233
0.00120233
0.00120233
0.00120233
0.00120233
0.00120233
0.00120233
0.00120233
0.00120233
0.00120233
0.00120233
0.00120233
0.00120233
0.00120233
0.00120233
0.00120233
0.00120233
0.00120233
0.00120233
0.00120233
0.000522333
0.000562333
0.000602333
0.000662333
0.000722333
0.000782333
0.000832333
0.000902333
0.000792333
0.000852333
0.000962333
0.00104233
0.00116233
0.00120233
0.00120233
0.00120233
0.00120233
0.00120233
0.00120233
0.00120233
0.00120233
0.00120233
0.00120233
0.00120233
0.00120233
0.000202333
0.000222333
0.000242333
0.000262333
0.000282333
0.000282333
0.000312333
0.000322333
0.000342333
0.000352333
0.000372333
0.000382333
0.000412333
0.000432333
0.000462333
0.000492333
0.000512333
0.000532333
0.000552333
0.000582333
0.000612333
0.000632333
0.000662333
0.000712333
0.000752333
0.000782333
0.000862333
0.000932333
0.00100233
0.00106233
0.00114233
0.000942333
0.00120233
0.00120233
0.00120233
0.00120233
0.00120233
0.00120233
0.00120233
0.00120233
0.00120233
0.00120233
0.00120233
0.00120233
0.00120233
0.00120233
0.00120233
0.00120233
0.00120233
0.00120233
0.00120233
0.00120233
0.00120233
0.000642333
0.000662333
0.000602333
0.000482333
0.000402333
0.000382333
0.000342333
0.000262333
0.000262333
0.000282333
0.000282333
0.000302333
0.000332333
0.000372333
0.000412333
0.000462333
0.000502333
0.000572333
0.000632333
0.000702333
0.000772333
0.000882333
0.000972333
0.00109233
0.00120233
0.00120233
0.00120233
0.00120233
0.00120233
0.00120233
0.00120233
0.00120233
0.00120233
0.00120233
0.00120233
0.00120233
0.00120233
0.00120233
0.00120233
0.00120233
0.00120233
0.00120233
0.00120233
0.00120233
0.00120233
0.00120233
0.00120233
0.00120233
0.00120233
0.00120233
0.00120233
0.00120233
0.00120233
0.00120233
0.00120233
0.00120233
0.00120233
0.00120233
0.00120233
0.00120233
0.00120233
0.00120233
0.000262333
0.000202333
0.000212333
0.000222333
0.000242333
0.000252333
0.000262333
0.000282333
0.000302333
0.000322333
0.000322333
0.000352333
0.000382333
0.000412333
0.000462333
0.000492333
0.000572333
0.000622333
0.000652333
0.000682333
0.000722333
0.000762333
0.000822333
0.000862333
0.000922333
0.000992333
0.00107233
0.00120233
0.00120233
0.00120233
0.00120233
0.00120233
0.00120233
0.00120233
0.00120233
0.00120233
0.00120233
0.00120233
0.00120233
0.00120233
0.00120233
0.00120233
0.00120233
0.00120233
0.00120233
0.00120233
0.00120233
0.00120233
0.00120233
0.00120233
0.00120233
0.00120233
0.00120233
0.00120233
0.00120233
0.00120233
0.00120233
0.00120233
0.00120233
0.00120233
0.00120233
0.00120233
0.00120233
0.00120233
0.00120233
0.00120233
0.00120233
0.00120233
0.00120233
0.00120233
0.00120233
0.00120233
0.00120233
0.00120233
0.00120233
0.00120233
0.00120233
0.00120233
0.00120233
0.00120233
0.00120233
0.00120233
0.00120233
0.00120233
0.00120233
0.00120233
0.00120233
0.00120233
0.00120233
0.00120233
0.00120233
0.00120233
0.00120233
0.00120233
0.00120233
0.00120233
0.00120233
0.00120233
0.00120233
0.00120233
0.00120233
0.00120233
0.00120233
0.00120233
0.00120233
0.00120233
0.00120233
0.00120233
0.00120233
0.00120233
0.00120233
0.00120233
0.00120233
0.00120233
0.00120233
0.00120233
0.000992333
0.00111233
0.00120233
0.000712333
0.000752333
0.000792333
0.000832333
0.000862333
0.00102233
0.00119233
0.00120233
0.00120233
0.00120233
0.00120233
0.000612333
0.000632333
0.000672333
0
0
0
0
0
0
0
0
0
0
0
0
0
0
0
0
0
0
0
0
0
0
0
0
0
0
0
0
0
0
0
0
0
0
0
0
0
0
0
0
0
0
0
0
0
0
0
0
0
0
0
0
0
0
0
0
0
0
0
0
0
0
0
0
0
0
0
0
0
0
0
0
0
0
0
0
0
0
0
0
0
0
0
0
0
0
0
0
0
0
0
0
0
0
0
0
0
0
0
0
0
0
0
0
0
0
0
0
0
0
0
0
0
0
0
0
0
0
0
0
0
0
0
0
0
0
0
0
0
0
0

