70.5032
99.9933
116.411
132.828
147.163
159.417
171.67
184.602
198.212
211.823
187.146
205.844
224.542
243.942
264.044
284.145
304.247
324.349
344.451
364.553
384.655
404.756
424.858
444.96
465.062
485.164
505.266
525.367
544.83
563.653
582.477
601.3
620.123
544.624
563.034
581.445
599.855
618.266
244.03
264.309
284.588
304.866
325.145
345.424
365.703
385.981
406.26
426.539
446.818
467.096
487.375
507.654
527.932
548.211
568.49
588.769
609.047
629.326
649.605
669.884
690.162
148.371
163.039
177.708
191.68
204.957
218.233
231.51
244.786
192.672
207.93
223.189
240.394
259.545
278.696
295.496
309.945
324.394
338.843
353.292
367.742
382.191
294.407
306.678
318.95
331.221
343.493
235.03
243.454
251.878
103.724
127.604
151.483
175.362
199.241
223.121
247
270.879
294.759
314.342
329.629
344.916
360.204
375.491
390.778
406.065
421.352
436.64
449.885
461.087
472.29
450.646
463.371
476.096
485.697
490.078
312.769
324.91
337.051
351.358
367.832
384.305
400.779
417.253
349.691
362.831
375.971
389.111
402.25
63.0686
89.6474
116.226
142.805
169.384
195.963
222.542
249.12
275.699
295.909
309.749
323.589
337.429
351.269
297.055
313.188
329.322
56.2677
74.2199
92.172
108.447
123.046
137.644
152.337
166.184
179.091
191.998
205.237
218.806
232.376
248.905
268.394
287.882
307.37
326.859
346.347
365.836
385.324
404.813
424.301
443.79
463.278
482.767
502.255
521.743
540.019
535.984
544.976
553.968
202.657
104.881
148.728
162.397
242.986
249.147
254.8
270.778
286.755
298.592
310.336
322.085
329.795
337.505
326.221
342.203
358.185
374.166
390.148
312.015
331.163
350.311
369.459
388.606
407.754
426.902
446.05
465.198
484.346
503.493
522.641
541.789
560.937
580.085
599.233
618.38
635.907
651.812
667.718
683.623
699.528
715.433
731.339
747.244
763.149
779.054
794.96
634.779
648.429
662.078
303.104
319.826
336.547
353.268
369.989
381.474
387.724
393.973
384.464
396.691
408.918
421.146
433.373
442.6
446.985
461.981
476.976
491.972
506.968
521.964
536.96
549.699
560.183
570.666
547.945
60.8435
87.9471
115.051
138.076
157.023
175.97
194.917
213.864
228.215
237.97
247.724
261.486
277.864
292.85
307.837
323.208
338.963
354.717
370.472
386.227
403.101
413.866
423.805
440.144
456.483
472.821
489.16
501.366
509.44
517.514
524.715
500.325
530.651
548.85
567.049
585.248
603.448
621.647
639.846
658.046
676.245
694.444
712.644
730.843
749.042
767.241
785.441
803.64
821.839
840.039
858.238
876.437
894.637
415.828
425.647
398.832
318.41
272.552
258.004
225.448
137.21
148.239
156.583
178.113
199.643
221.173
242.703
264.232
285.762
307.292
328.822
350.352
371.882
393.412
414.942
436.471
458.001
478.973
499.386
519.8
540.213
560.627
581.04
601.454
621.867
642.281
661.36
679.105
696.85
714.595
732.341
750.086
767.831
785.576
803.321
821.066
838.811
856.556
874.302
892.047
909.792
927.537
945.282
963.027
980.772
653.5
477.623
495.338
513.053
530.767
548.482
566.196
583.911
601.625
619.34
131.405
32.9587
56.2501
79.5415
101.541
122.249
142.956
163.664
184.372
201.936
206.458
229.924
253.389
276.855
300.32
323.786
347.251
365.548
378.675
391.803
405.961
421.15
436.339
451.528
466.717
485.73
508.567
531.403
554.24
577.076
594.236
605.72
617.203
629.874
643.731
657.588
668.305
673.191
690.539
707.888
725.236
742.584
759.932
777.28
794.629
811.977
827.789
842.066
856.343
870.815
885.481
900.148
914.814
929.481
873.039
892.155
911.27
930.385
949.501
827.639
632.548
651.754
670.96
690.165
709.371
728.577
747.783
766.988
786.194
805.4
824.606
595.46
609.39
623.32
638.205
654.045
669.885
685.726
701.566
717.441
733.351
749.262
765.172
781.082
792.317
798.877
805.436
797.798
815.319
832.839
850.36
867.881
885.402
902.922
920.443
937.964
955.026
971.629
988.233
1004.84
1021.44
1038.04
1054.65
1070.94
1086.92
1102.91
1118.89
1134.88
1150.86
1166.85
1070.38
952.511
964.085
975.659
711.693
633.375
481.423
495.645
509.867
402.813
411.707
420.601
427.888
434.573
453.624
472.675
491.726
510.777
529.828
548.879
362.748
370.275
377.802
0
0
0
0
0
0
0
0
0
0
0
0
0
0
0
0
0
0
0
0
0
0
0
0
0
0
0
0
0
0
0
0
0
0
0
0
0
0
0
0
0
0
0
0
0
0
0
0
0
0
0
0
0
0
0
0
0
0
0
0
0
0
0
0
0
0
0
0
0
0
0
0
0
0
0
0
0
0
0
0
0
0
0
0
0
0
0
0
0
0
0
0
0
0
0
0
0
0
0
0
0
0
0
0
0
0
0
0
0
0
0
0
0
0
0
0
0
0
0
0
0
0
0
0
0
0
0
0
0
0
0

